base=sdss758874299603222717
scale=0.205078125
ra=0.36157589
dec=31.43370167
width=1024
height=1024
px=512
py=517
pm=14.2
pz=0.016048
pname=NGC 7805
sx=308
sy=367
sm=14.31
sz=0.015904
sname=NGC 7806
