base=sdss588011124116422756
scale=0.17578125
ra=198.8686155
dec=62.12957838
width=1024
height=1024
px=349
py=514
pm=14.4
pz=0.030831
pname=UGC 08335
sx=531
sy=418
sm=14.96382
sz=0.030788
sname=588011124116422749
