base=sdss588011124116422756
scale=0.234375
ra=198.8686155
dec=62.12957838
width=1024
height=1024
