base=sdss587722984435351614
scale=0.3515625
ra=204.970484
dec=0.84004382
width=1024
height=1024
px=513
py=514
pm=13.770964
pz=0.022676
pname=587722984435351614
sx=309
sy=608
sm=13.902212
sz=0.022539
sname=588848900997382148
