base=hst_Arp_65
scale=0.5446808514893616
ra=5.46417
dec=22.4
width=470
height=470
px=235
py=233
pm=14.54
pz=0.017856
pname=NGC 0090
sx=73
sy=206
sm=14.34
sz=0.017946
sname=NGC 0093
