base=sdss588013383816904792
scale=0.087890625
ra=181.16476454
dec=52.95730507
width=1024
height=1024
px=515
py=517
pm=16.826942
pz=0.080801
pname=588013383816904792
sx=676
sy=621
sm=16.757332
sz=0.081546
sname=588013383816904793
