base=sdss587727222471131318
scale=0.17578125
ra=322.2427587
dec=11.36650271
width=1024
height=1024
px=506
py=506
pm=15.4
pz=0.029087
pname=UGC 11751
sx=611
sy=828
sm=15.6
sz=0.02887
sname=UGC 11751 NOTES01
