base=sdss587739845393580192
scale=0.41015625
ra=241.13227598
dec=14.81913632
width=1024
height=1024
px=512
py=512
pm=14.8
pz=0.015274
pname=UGC 10169
sx=640
sy=837
sm=14.7
sz=0.015684
sname=UGC 10164
