base=sdss587739810496708646
scale=0.205078125
ra=236.72218159
dec=17.87267475
width=1024
height=1024
px=478
py=492
pm=13.4
pz=0.010998
pname=NGC 5996
sx=863
sy=694
sm=15.6
sz=0.010974
sname=NGC 5994
