base=sdss587739721900163101
scale=0.322265625
ra=191.54211767
dec=30.73191579
width=1024
height=1024
px=510
py=519
pm=14.1
pz=0.022049
pname=NGC 4676
sx=463
sy=620
sm=14.4
sz=0.022039
sname=NGC 4676B
