base=sdss587735043609329845
scale=0.2500000001953125
ra=122.80619485
dec=25.20679147
width=1024
height=1024
px=510
py=512
pm=13.3
pz=0.013666
pname=NGC 2535
sx=376
sy=911
sm=14.6
sz=0.013736
sname=NGC 2536
