base=hst_ESO_77-14
scale=0.2500000001953125
ra=350.26792
dec=-69.215
width=1024
height=1024
px=514
py=512
pm=15.3
pz=0.041562
pname=ESO 077-IG 014
sx=596
sy=558
sm=16.52
sz=0.038026
sname=ESO 077-IG 014 NED01
