base=sdss587736941981466667
scale=0.17578125
ra=214.26050801
dec=36.57158845
width=1024
height=1024
px=510
py=518
pm=13.925391
pz=0.0102
pname=587736941981466667
sx=327
sy=436
sm=13.925391
sz=0.0102
sname=587736941981466667
