base=sdss587726100947206190
scale=0.8203125
ra=215.0828682
dec=3.93375005
width=1024
height=1024
px=513
py=512
pm=11.46
pz=0.005027
pname=NGC 5566
sx=789
sy=257
sm=13.211759
sz=0.005876
sname=587726100947206163
