base=sdss587741391565422775
scale=0.1171875
ra=127.99253053
dec=19.21184719
width=1024
height=1024
px=582
py=531
pm=14.8
pz=0.037222
pname=UGC 04457
sx=240
sy=828
sm=17.4
sz=0.037544
sname=SDSS J083200.51+191205.8
