base=sdss587741391565422775
scale=0.146484375
ra=127.99253053
dec=19.21184719
width=1024
height=1024
px=566
py=527
pm=14.903812
pz=0.03723
pname=587741391565422762
sx=286
sy=767
sm=17.316116
sz=0.037549
sname=587741391565422763
