base=hst_Arp_148
scale=0.20000000015625
ra=165.97167
dec=40.84917
width=1280
height=1280
px=583
py=640
pm=15.3
pz=0.0345
pname=ARP 148 NED01
sx=809
sy=629
sm=16.4
sz=0.035193
sname=ARP 148 NED02
