base=sdss587739720308818095
scale=0.1171875
ra=238.40225695
dec=18.60766307
width=1024
height=1024
px=465
py=452
pm=16.056467
pz=0.049944
pname=587739720308818090
sx=814
sy=633
sm=17.367189
sz=0.049944
sname=587739720308818074
