base=sdss587736523764334706
scale=0.17578125
ra=218.7864994
dec=5.35895765
width=1024
height=1024
px=515
py=515
pm=14.8
pz=0.028867
pname=NGC 5679 NED02
sx=715
sy=563
sm=14.9
sz=0.025604
sname=NGC 5679 NED01
