base=sdss587725590382903536
scale=0.2500000001953125
ra=260.68129229
dec=62.17366188
width=1024
height=1024
