base=sdss587727178988388373
scale=0.205078125
ra=4.70719549
dec=-10.36242472
width=1024
height=1024
px=486
py=498
pm=13.6
pz=0.027329
pname=ARP 256 NED02
sx=429
sy=767
sm=14.8
sz=0.027103
sname=ARP 256 NED01
