base=sdss587741532784361481
scale=0.2500000001953125
ra=167.80302073
dec=28.71303291
width=1024
height=1024
px=500
py=530
pm=17.520773
pz=0.029366
pname=587741532784361479
sx=486
sy=754
sm=14.354671
sz=0.02848
sname=587741532784361477
