base=sdss587747120521216156
scale=0.05859375
ra=1.6867259
dec=-6.63699181
width=1024
height=1024
px=513
py=508
pm=18.505529
pz=0.076
pname=587747120521216156
sx=725
sy=391
sm=16.045584
sz=0.07544
sname=587747120521216157
