base=hst_Arp_273
scale=0.2529644270750988
ra=35.4
dec=39.36611
width=1012
height=1012
px=505
py=506
pm=13.42
pz=0.025227
pname=UGC 01810
sx=498
sy=840
sm=15.08
sz=0.024467
sname=UGC 01813
