base=hst_Arp_244
scale=1.69972
ra=180.47208
dec=-18.87694
width=706
height=706
px=351
py=354
pm=11.08
pz=0.005474
pname=NGC 4039
sx=346
sy=406
sm=11.2
sz=0.005477
sname=NGC 4038
