base=sdss587732136993882121
scale=1.7578125
ra=173.14520345
dec=53.06790222
width=1024
height=1024
px=512
py=514
pm=11.59
pz=0.003312
pname=NGC 3718
sx=130
sy=394
sm=16.5
sz=0.0
sname=SDSS J113302.52+530732.0
