base=sdss587739153356095531
scale=0.146484375
ra=125.88611039
dec=21.33809295
width=1024
height=1024
px=363
py=285
pm=15.4
pz=0.018079
pname=IC 2339
sx=513
sy=512
sm=14.9
sz=0.018012
sname=IC 2338
