base=sdss588017604696408086
scale=0.2197265625
ra=221.33187691
dec=38.73121168
width=1024
height=1024
px=512
py=511
pm=13.8
pz=0.015214
pname=NGC 5754
sx=805
sy=554
sm=14.1
sz=0.015144
sname=CGCG 220-052
