base=sdss587738947736633359
scale=0.205078125
ra=129.60003206
dec=25.75453262
width=1024
height=1024
px=503
py=508
pm=14.361284
pz=0.018473
pname=587738947736633359
sx=503
sy=539
sm=16.194937
sz=0.0
sname=587738947736633361
