base=hst_NGC_5331
scale=0.17112299478609624
ra=208.0675
dec=2.10444
width=1496
height=1496
px=764
py=742
pm=13.83
pz=0.033056
pname=NGC 5331 NED02
sx=834
sy=535
sm=15.0
sz=0.032799
sname=NGC 5331 NED01
