base=sdss587741817851674654
scale=0.2197265625
ra=139.17261439
dec=18.96345398
width=1024
height=1024
px=498
py=509
pm=14.3
pz=0.029704
pname=NGC 2803
sx=639
sy=385
sm=14.773723
sz=0.029187
sname=587741817851674654
