base=sdss588018055130710322
scale=0.1171875
ra=255.02867302
dec=23.13151551
width=1024
height=1024
px=515
py=511
pm=16.356461
pz=0.056831
pname=588018055130710322
sx=500
sy=635
sm=17.002901
sz=0.056812
sname=588018055130710321
