base=sdss1237678620102623480
scale=0.087890625
ra=1.06426389
dec=3.38383586
width=1024
height=1024
px=512
py=512
pm=18.569601
pz=0.07
pname=1237678620102623480
sx=384
sy=796
sm=18.236904
sz=0.09
sname=1237678620102688907
