base=sdss587741602030026825
scale=0.703125
ra=179.69028317
dec=27.45243691
width=1024
height=1024
px=513
py=514
pm=13.0
pz=0.011521
pname=NGC 4017
sx=832
sy=125
sm=13.8
sz=0.011469
sname=NGC 4016
