base=hst_Arp_272
scale=0.2500000001953125
ra=241.34491
dec=17.75505
width=1024
height=1024
px=511
py=511
pm=15.2
pz=0.031928
pname=NGC 6050
sx=776
sy=515
sm=16.3
sz=0.037116
sname=NGC 6050B
