base=sdss587741722819493915
scale=0.17578125
ra=183.89937368
dec=28.17763227
width=1024
height=1024
px=512
py=510
pm=14.128025
pz=0.02193
pname=587741722819493915
sx=402
sy=678
sm=15.48179
sz=0.022311
sname=587741722819493916
