base=sdss587742014353702970
scale=0.216796875
ra=175.18432998
dec=22.42933961
width=1024
height=1024
px=521
py=511
pm=14.1
pz=0.023603
pname=NGC 3808 NED01
sx=484
sy=223
sm=14.921208
sz=0.023908
sname=587742014353702971
