51000000196622
54000000045003
49000000112167
37000000126111
32000000118358
38000000107405
39000000115251
32000000114609
51000000229119
47000000218473
49000000224614
47000000255321
48000000260074
49000000260056
55000000046184
56000000046481
73000000314755
74000000315462
75000000317209
80000000334937
73000000145217
74000000145152
75000000145473
76000000157834
49000000223946
74000000278656
89000000367347
90000000374020
74000000302102
75000000306160
76000000308578
78000000319495
81000000325459
75000000121160
78000000406388
87000000451863
88000000455988
61000000186579
62000000190717
63000000192216
64000000153811
55000000330164
56000000333739
57000000336505
81000000440813
82000000437637
83000000442011
89000000468717
94000000405845
71000000424510
56000000327874
57000000266182
58000000268838
61000000277588
77000000397146
78000000398327
80000000404906
81000000407577
83000000412050
74000000347159
75000000347840
46000000136965
52000000172639
