base=sdss587741829658181698
scale=0.205078125
ra=167.46453851
dec=24.2617325
width=1024
height=1024
px=515
py=514
pm=14.8
pz=0.020591
pname=UGC 06204
sx=261
sy=574
sm=14.5
sz=0.020971
sname=UGC 06207
