base=sdss587741534400217110
scale=0.22265625
ra=181.4395385
dec=31.05879691
width=1024
height=1024
px=513
py=515
pm=15.4
pz=0.023366
pname=UGC 07085A NED01
sx=506
sy=184
sm=15.7
sz=0.023353
sname=UGC 07085A NED02
