base=sdss587739647284805725
scale=0.29296875
ra=174.92717639
dec=31.90937921
width=1024
height=1024
px=516
py=513
pm=13.5
pz=0.008933
pname=NGC 3786
sx=425
sy=243
sm=13.4
sz=0.009003
sname=NGC 3788
