base=sdss587746029596311590
scale=0.2500000001953125
ra=157.06942436
dec=79.82342281
width=1024
height=1024
px=515
py=511
pm=14.0
pz=0.032402
pname=NGC 3212
sx=256
sy=662
sm=13.4
sz=0.032402
sname=ARP 181
