base=sdss587742571610243080
scale=0.169921875
ra=166.83690183
dec=18.43290243
width=1024
height=1024
px=513
py=511
pm=14.7
pz=0.026548
pname=UGC 06175 NED02
sx=623
sy=578
sm=15.2
sz=0.027456
sname=UGC 06175 NED01
