base=sdss587726033843585146
scale=0.234375
ra=144.433949
dec=2.76082053
width=1024
height=1024
px=521
py=522
pm=14.6
pz=0.023313
pname=NGC 2936
sx=451
sy=726
sm=14.6
sz=0.022702
sname=NGC 2937
