base=sdss587733080814583863
scale=0.17578125
ra=190.95592901
dec=54.90495479
width=1024
height=1024
px=512
py=520
pm=15.5
pz=0.016261
pname=UGC 07905 NED02
sx=584
sy=692
sm=14.1
sz=0.016455
sname=UGC 07905 NED01
