parameter_self.name blank
comment: blank self.comment

gaussian_size 25
gaussian_weight: 5.000000
radial_constant: 5.000000
brightness_constant: 5.000000
norm_constant: 5.000000
image_rows: 400
image_cols: 600
galaxy1_center: 200.000000 400.000000
galaxy2_center: 200.000000 200.000000
