base=sdss588017978901528612
scale=0.3515625
ra=209.65824612
dec=37.42448349
width=1024
height=1024
px=512
py=516
pm=13.060994
pz=0.011636
pname=588017978901528612
sx=659
sy=217
sm=17.070515
sz=0.0
sname=588017978901528620
