base=sdss588017978901528612
scale=0.3515625
ra=209.65824612
dec=37.42448349
width=1024
height=1024
px=512
py=510
pm=12.8
pz=0.011645
pname=NGC 5395
sx=664
sy=217
sm=13.7
sz=0.011581
sname=NGC 5394
