base=sdss587727177926508595
scale=0.2500000001953125
ra=32.35293028
dec=-10.13024301
width=1024
height=1024
px=519
py=595
pm=13.14
pz=0.013586
pname=NGC 0835
sx=740
sy=554
sm=13.488915
sz=0.012819
sname=587727177926508588
