base=sdss587729227151704160
scale=0.05859375
ra=238.28610204
dec=54.14727301
width=1024
height=1024
px=515
py=507
pm=15.347835
pz=0.04674
pname=587729227151704160
sx=411
sy=408
sm=15.7
sz=0.047
sname=CGCG 275-012
