base=sdss587724234257137777
scale=0.3515625
ra=30.95748096
dec=14.73913606
width=1024
height=1024
px=515
py=517
pm=13.600625
pz=0.01212
pname=587724234257137777
sx=725
sy=820
sm=13.72735
sz=0.01218
sname=587724234257137746
