base=sdss587738569246376675
scale=0.17578125
ra=199.16922928
dec=14.43421859
width=1024
height=1024
px=513
py=514
pm=15.3
pz=0.060208
pname=ARP 057 NED01
sx=152
sy=769
sm=16.2
sz=0.058865
sname=MCG +03-34-013
