base=sdss587734862680752822
scale=0.146484375
ra=148.28792646
dec=7.87906771
width=1024
height=1024
px=515
py=517
pm=13.98
pz=0.040858
pname=UGC 05304 NED01
sx=354
sy=330
sm=18.0
sz=0.040689
sname=UGC 05304 NED02
