base=sdss587739646743412797
scale=0.234375
ra=163.06231877
dec=30.05786609
width=1024
height=1024
px=518
py=512
pm=15.126359
pz=0.03451
pname=587739646743412797
sx=319
sy=286
sm=15.163998
sz=0.034867
sname=587739646743412796
