base=sdss587739721376202860
scale=0.146484375
ra=224.25324749
dec=24.61728248
width=1024
height=1024
px=519
py=504
pm=14.6
pz=0.033669
pname=UGC 09618 NED02
sx=554
sy=772
sm=15.3
sz=0.033453
sname=UGC 09618 NED01
