base=sdss587742010583941189
scale=0.380859375
ra=130.66584898
dec=14.28561853
width=1024
height=1024
px=510
py=512
pm=12.6
pz=0.006871
pname=NGC 2648
sx=199
sy=707
sm=15.0
sz=0.007056
sname=CGCG 060-036
