base=sdss588007005230530750
scale=0.2500000001953125
ra=116.72104878
dec=39.0319742
width=1024
height=1024
px=517
py=510
pm=14.2
pz=0.013503
pname=NGC 2444
sx=418
sy=756
sm=13.9
sz=0.013349
sname=NGC 2445
