base=sdss587731913110650988
scale=0.46875
ra=141.01177671
dec=49.2038095
width=1024
height=1024
px=504
py=511
pm=13.82
pz=0.009243
pname=NGC 2854
sx=236
sy=168
sm=14.1
sz=0.008799
sname=NGC 2856
