base=sdss587731913110650988
scale=0.41015625
ra=141.01177671
dec=49.2038095
width=1024
height=1024
px=509
py=510
pm=13.82
pz=0.009243
pname=NGC 2854
sx=188
sy=119
sm=14.1
sz=0.008799
sname=NGC 2856
