base=sdss587732772130652231
scale=0.2500000001953125
ra=185.74051443
dec=10.54832362
width=1024
height=1024
px=515
py=517
pm=15.159346
pz=0.02594
pname=587732772130652231
sx=502
sy=500
sm=15.137057
sz=0.0255
sname=587732772130652233
