base=sdss587745402001817662
scale=0.17578125
ra=141.93133462
dec=12.28754451
width=1024
height=1024
px=515
py=518
pm=15.29
pz=0.028833
pname=UGC 05044 NED01
sx=429
sy=498
sm=15.95
sz=0.029254
sname=UGC 05044 NED02
