base=sdss587735665840881790
scale=0.1171875
ra=205.41346131
dec=55.67056846
width=1024
height=1024
px=488
py=507
pm=14.914241
pz=0.025219
pname=587735665840881790
sx=197
sy=411
sm=14.2903
sz=0.02489
sname=587735665840881789
