base=hst_NGC_6786
scale=0.2500000001953125
ra=287.72463
dec=73.41017
width=1024
height=1024
px=512
py=512
pm=13.8
pz=0.025017
pname=NGC 6786
sx=215
sy=581
sm=14.9
sz=0.025201
sname=UGC 11415
