base=sdss588017604696408195
scale=0.29296875
ra=221.32867892
dec=38.80589279
width=1024
height=1024
px=513
py=514
pm=15.9
pz=0.032099
pname=NGC 5753
sx=289
sy=829
sm=16.0
sz=0.032229
sname=NGC 5755
