base=sdss587739720303181999
scale=0.22265625
ra=225.67501862
dec=23.33362096
width=1024
height=1024
px=515
py=516
pm=14.1
pz=0.018797
pname=NGC 5829
sx=748
sy=243
sm=15.7
sz=0.045648
sname=IC 4526
