base=sdss588017702948962343
scale=0.2500000001953125
ra=222.87210811
dec=9.33497053
width=1024
height=1024
px=512
py=514
pm=14.599575
pz=0.029352
pname=588017702948962343
sx=596
sy=700
sm=15.6
sz=0.02959
sname=UGC 09561
