base=sdss587735043609329845
scale=0.322265625
ra=122.80619485
dec=25.20679147
width=1024
height=1024
px=511
py=514
pm=13.3
pz=0.013642
pname=NGC 2535
sx=407
sy=824
sm=14.6
sz=0.013736
sname=NGC 2536
