base=sdss587728676861051075
scale=0.703125
ra=203.04324837
dec=62.76772979
width=1024
height=1024
px=517
py=514
pm=13.451888
pz=0.0096617
pname=587728676861051075
sx=549
sy=858
sm=13.584759
sz=0.009803
sname=587728676861050946
