primaryName=587728676861051075
primaryX=517.0
primaryY=514.0
primaryRA=13 32 10.26
primaryDEC=+62 46 02.41
primaryType=
primaryVelocity=2896.5047914586
primaryMagnitude=13.451888
primaryDistance=38.620063886114664
primaryAbsoluteMagnitude=-19.48217693931477
primaryLuminosity=9.849733633087605E9
# mass in solar masses
primaryMass=5.689351539907263E10
primaryMassMin=2.3937150494617676E10
primaryMassMax=1.2442844860429836E11
primaryA=62.374677946937226
primaryB=43.718989630727904
primaryAngle=71.5

secondaryName=587728676861050946
secondaryX=549.0
secondaryY=858.0
secondaryRA=13 32 09.56
secondaryDEC=+62 42 00.54
secondaryType=
secondaryVelocity=2938.8654657739994
secondaryMagnitude=13.584759
secondaryDistance=39.18487287698666
secondaryAbsoluteMagnitude=-19.34930593931477
# mass in solar masses
secondaryLuminosity=9.337824578099884E9
secondaryMass=3.126758062443035E10
secondaryMassMin=2.173770651736506E10
secondaryMassMax=4.0511818012675186E10
secondaryA=38.24843738548941
secondaryB=37.41261726043366
secondaryAngle=82.0

imageWidth=1024.0
imageHeight=1024.0
usePixelCoords=true

rxRA=13.53599610024822
rxDEC=62.767339164999996
rxMpc=8.821569627234602E-4
ryMpc=-0.045287551097123374
vzKms=-42.36067431539959
diameter=0.0034844098748879953
scaleX=8.208459215381659
scaleY=8.208459215381659
sdssObjId=587728676861051075
displayName=SDSS 587728676861051075
pu=15.143902
pg=13.451888
pr=12.373295
pi=11.930978
pz=11.653554
predshift=0.00966179
su=15.395918
sg=13.584759
sr=12.80192
si=12.422136
sz=12.124965
sredshift=0.00980303

# the following values are in simulation units
useRanges=true
rzMin=-1.1614699582959984
rzMax=1.1614699582959984
vxMin=-1.0451854768544462
vxMax=1.0451854768544462
vyMin=-1.0451854768544462
vyMax=1.0451854768544462
vzMin=-0.5003163902265307
vzMax=0.5003163902265307
r1Min=0.07547231789007398
r1Max=0.14007327697049743
r2Min=0.0493567547264501
r2Max=0.10608497282113627
