base=sdss587739505541578866
scale=0.29296875
ra=179.40360701
dec=32.27762028
width=1024
height=1024
px=584
py=517
pm=13.457146
pz=0.010304
pname=587739505541578866
sx=263
sy=323
sm=12.927128
sz=0.011099
sname=587739505541644294
