primaryName=587739707420967061
primaryX=513.0
primaryY=514.0
primaryRA=16 05 33.10
primaryDEC=+17 36 04.63
primaryType=
primaryVelocity=10246.306629523999
primaryMagnitude=14.560671
primaryDistance=136.61742172698666
primaryAbsoluteMagnitude=-21.116859424891885
primaryLuminosity=1.8573916636297565E10
# mass in solar masses
primaryMass=1.672903065862616E11
primaryMassMin=1.2435434819672475E11
primaryMassMax=2.1426714877344403E11
primaryA=45.78130861256304
primaryB=43.28707770842334
primaryAngle=220.0

secondaryName=587739707420967062
secondaryX=469.0
secondaryY=625.0
secondaryRA=16 05 33.79
secondaryDEC=+17 35 36.88
secondaryType=
secondaryVelocity=10193.243364458
secondaryMagnitude=15.652161
secondaryDistance=135.90991152610667
secondaryAbsoluteMagnitude=-20.025369424891885
# mass in solar masses
secondaryLuminosity=1.2215636374200829E10
secondaryMass=9.05006946223375E10
secondaryMassMin=6.230078846802486E10
secondaryMassMax=1.1799439453196906E11
secondaryA=41.7264590511352
secondaryB=25.190994915236413
secondaryAngle=69.5

imageWidth=1024.0
imageHeight=1024.0
usePixelCoords=false

rxRA=16.092723324731203
rxDEC=17.601288731100258
rxMpc=-0.006619523109650584
ryMpc=-0.018379935084842595
vzKms=53.063265065999076
diameter=0.013827955459806012
scaleX=11.183603429358941
scaleY=11.183603429358941
sdssObjId=587739707420967061
displayName=SDSS 587739707420967061
pu=16.401323
pg=14.560671
pr=13.759185
pi=13.368824
pz=13.023149
predshift=0.034178
su=17.762035
sg=15.652161
sr=14.734931
si=14.268366
sz=13.835633
sredshift=0.034001

# the following values are in simulation units
useRanges=true
rzMin=-4.609318486602004
rzMax=4.609318486602004
vxMin=-2.258848823369074
vxMax=2.258848823369074
vyMin=-2.258848823369074
vyMax=2.258848823369074
vzMin=-0.6267232913665622
vzMax=0.6267232913665622
r1Min=0.27655910919612026
r1Max=0.6678902487086305
r2Min=0.25206427458746006
r2Max=0.5803779922376269
