base=sdss587739707420967061
scale=0.25000001953125
ra=241.38800356
dec=17.60142762
width=1024
height=1024
px=513
py=514
pm=14.560671
pz=0.034178
pname=587739707420967061
sx=469
sy=625
sm=15.652161
sz=0.034001
sname=587739707420967062
