base=sdss587738569249390718
scale=0.087890625
ra=206.21241379
dec=13.92760979
width=1024
height=1024
px=506
py=506
pm=17.437716
pz=0.082454
pname=587738569249390719
sx=412
sy=273
sm=17.026325
sz=0.081822
sname=587738569249390718
