base=hst_Arp_220
scale=0.2500000001953125
ra=233.73798
dec=23.50319
width=1024
height=1024
px=512
py=512
pm=14.9
pz=0.031229
pname=CGCG 436-030
sx=679
sy=729
sm=16.9
sz=0.031569
sname=SDSS J012006.36+142132.5
