base=sdss587735665840881781
scale=0.146484375
ra=205.41360349
dec=55.66810529
width=1024
height=1024
px=494
py=452
pm=14.914241
pz=0.025219
pname=587735665840881790
sx=253
sy=375
sm=14.2903
sz=0.0
sname=587735665840881789
