base=sdss758877153600208945
scale=0.17578125
ra=20.86798011
dec=30.78442206
width=1024
height=1024
px=512
py=511
pm=15.0
pz=0.035004
pname=UGC 00934
sx=617
sy=767
sm=17.0
sz=0.035
sname=UGC 00934 NOTES01
