base=sdss587739407868690486
scale=0.1171875
ra=219.46113999
dec=30.48274237
width=1024
height=1024
px=537
py=498
pm=15.0
pz=0.034521
pname=UGC 09425 NED01
sx=459
sy=603
sm=15.5
sz=0.034521
sname=UGC 09425 NED02
